   1.8417429116468571     
 -0.94792191933077397     
   3.3414341952495104     
  -100.00000000000000     
  0.26240896538725933     
 -0.78835828012881826     
  0.47403719841341430     
  -100.00000000000000     
   2.2566384152137235     
  -1.2378723148595776     
 -0.74300572617607008     
  -2.7217274818407104     
   2.0085443352180015     
   0.0000000000000000     
  0.65999999999999659     
  -1.2191183722769168     
  -20.000000000000000     
   0.0000000000000000     
   0.0000000000000000     
  -1.2209985945425648     
  -1.6000000000001364     
   6653.9686610966801     
   10513.112752133817     
  -483.89161262324063     
  -1451.4685608295388     
  -4.2151603034094132     
  -5.2276693911296679     
  -4.0482929339901066     
  -15.333722669641929     
  -5.1679571108315940     
  -13.595476233865908     
  -2.6747092018291161     
  -3641.2400968917414     
   0.0000000000000000     
  -1645.4130221520199     
  -236.23210233240025     
   3323.4806073226241     
   72.930586856143918     
   328.98587657747288     
   2500.1244603383393     
  -701.61341491352641     
  -4.8916300387685362E-003
  -9.3146035300440994E-002
   0.0000000000000000     
 -0.15149520799088811     
 -0.18335430149218265     
 -0.14482147953851993     
 -0.16334459955394354     
 -0.19104211531465010     
  -4.2464989648237403E-002
 -0.75392109348154612     
  -2.8139005957877306     
   1.3818872833964801     
  0.17801415762746184     
   3.6188726618163428E-002
   8.5410795440145321E-002
  -2.9847225643792004E-002
  -7.2367487937285868E-002
  -2.3661001499031619E-002
  -6.5216182593537342E-002
  -7.1981489388945274E-002
   7.8485257067897871E-002
 -0.26281763961003024     
  -3.1113416231166635     
   1.3818872833964801     
  -1.6251646313644872     
  -1.3816013666056417     
   3734.5112623107916     
   2960.7389099893571     
   0.0000000000000000     
   0.0000000000000000     
   8.8914414652935072     
   8.8914414652935090     
   0.0000000000000000     
   9.9999999999999936E-002
  0.12995487147266033     
  0.12995487147266033     
   9.0914414652935474     
   8.8914414652935090     
  -110.69816838309302     
   9.9999999999999936E-002
  0.12995487147266033     
  0.12995487147266033     
   9.7914414652935271     
   9.0914414652935474     
  -553.49084191546535     
   9.9999999999999936E-002
 -0.57004512852734068     
  0.12995487147266044     
   9.3914414652935072     
   9.1914414652935257     
   8068.4682776517966     
   9.9999999999999936E-002
